000011 00000 00001 0000000000000000 = 0000 1100 0000 0001 0000 0000 0000 0000 = 0C010000
000000 00000 00000 0000000000000000 = 0000 0000 0000 0000 0000 0000 0000 0000 = 00000000
000000 00000 00000 0000000000000000 = 0000 0000 0000 0000 0000 0000 0000 0000 = 00000000
001001 00001 00001 0000000000000001 = 0010 0100 0010 0001 0000 0000 0000 0001 = 24210001
000010 00000 00010 0000000000000000 = 0000 1000 0000 0010 0000 0000 0000 0000 = 08020000
000010 00000 00011 0000000000000001 = 0000 1000 0000 0011 0000 0000 0000 0001 = 08030001
000000 00000 00000 0000000000000000 = 0000 0000 0000 0000 0000 0000 0000 0000 = 00000000
000000 00000 00000 0000000000000000 = 0000 0000 0000 0000 0000 0000 0000 0000 = 00000000
000101 00011 00001 0000000000011101 = 0001 0100 0110 0001 0000 0000 0001 1101 = 1461001D
000000 00000 00000 0000000000000000 = 0000 0000 0000 0000 0000 0000 0000 0000 = 00000000
000101 00001 00011 0000000000011000 = 0001 0100 0010 0011 0000 0000 0001 1000 = 14230018
000000 00000 00000 0000000000000000 = 0000 0000 0000 0000 0000 0000 0000 0000 = 00000000
000011 00010 00100 0000000000000001 = 0000 1100 0100 0100 0000 0000 0000 0001 = 0C440001
000011 00011 00101 0000000000000001 = 0000 1100 0110 0101 0000 0000 0000 0001 = 0C650001
000000 00000 00000 0000000000000000 = 0000 0000 0000 0000 0000 0000 0000 0000 = 00000000
000000 00000 00000 0000000000000000 = 0000 0000 0000 0000 0000 0000 0000 0000 = 00000000
000111 00101 00100 0000000000010100 = 0001 1100 1010 0100 0000 0000 0001 0100 = 1CA40014
000000 00000 00000 0000000000000000 = 0000 0000 0000 0000 0000 0000 0000 0000 = 00000000
000100 00011 00100 0000000000000001 = 0001 0000 0110 0100 0000 0000 0000 0001 = 10640001
000100 00010 00101 0000000000000001 = 0001 0000 0100 0101 0000 0000 0000 0001 = 10450001
000001 00010 00010 0000000000000001 = 0000 0100 0100 0010 0000 0000 0000 0001 = 04420001
000001 00011 00011 0000000000000001 = 0000 0100 0110 0011 0000 0000 0000 0001 = 04630001
001000 00000 00000 0000000000001010 = 0010 0000 0000 0000 0000 0000 0000 1010 = 2000000A
000000 00000 00000 0000000000000000 = 0000 0000 0000 0000 0000 0000 0000 0000 = 00000000
001001 00001 00001 0000000000000001 = 0010 0100 0010 0001 0000 0000 0000 0001 = 24210001
000010 00000 00010 0000000000000000 = 0000 1000 0000 0010 0000 0000 0000 0000 = 08020000
000010 00000 00011 0000000000000001 = 0000 1000 0000 0011 0000 0000 0000 0001 = 08030001
001000 00000 00000 0000000000001000 = 0010 0000 0000 0000 0000 0000 0000 1000 = 20000008
000000 00000 00000 0000000000000000 = 0000 0000 0000 0000 0000 0000 0000 0000 = 00000000
001000 00000 00000 0000000000011101 = 0010 0000 0000 0000 0000 0000 0001 1101 = 2000001D