00001000000000010000000000001001  
00000000000000000000000000000000  
00000000000000000000000000000000  
00010100001000100000000000011000  
00000000000000000000000000000000  
00000100010000110000000000000001  
00000000000000000000000000000000  
00000000000000000000000000000000  
00011000001000110000000000010101  
00000000000000000000000000000000  
00001100010001000000000000000000  
00001100011001010000000000000000  
00000000000000000000000000000000  
00000000000000000000000000000000  
00011100101001000000000000010010  
00000000000000000000000000000000  
00010000011001000000000000000000  
00010000010001010000000000000000  
00000100011000110000000000000001  
00100000000000000000000000000110  
00000000000000000000000000000000  
00000100010000100000000000000001  
00100000000000000000000000000001  
00000000000000000000000000000000  
00100000000000000000000000011000  